3233994067
4625756794
4686994983
3912386724
3190493939
4566720145
10213816083
5698859563
2897529528
5500234744
8253803292
5853274706
4837224663
3142886979
3353655505
2523919913
4222288294
7132954248
5427319826
1401524781
5637251505
9229370682
9092530764
2604377933
896281530
5415551734
11077608311
6109169686
3457075346
6166493225
3965770676
5377870868
3294404747
2943995507
4213297168
5122043081
2511310146
7090744186
3869595079
4737438103
3281905813
6819998778
3784466993
6620220808
4839499964
6482575372
4579209482
6461339793
6864951537
4708100397
3470336729
4415419631
4816428427
8077620484
7861244640
4837653072
5352239941
5630209375
9334695819
3839487608
2910827362
5217608563
4189345629
2727617332
6764421558
6080285802
5308628798
1599550244
1099279924
9272743937
1017313354
6418621082
5101249047
2951120644
7684374445
2040122638
1974249765
8306581424
1055059703
3588469636
4765883849
4634373754
2791060555
6397121579
4942278120
5787852644
2749831024
3664980303
5111923415
3601443804
7909817988
11518874222
6097561031
4184781313
4724743583
6229573682
3162660332
3260677811
4466899843